rm: cannot remove ‘/users/PAS0654/fahimi5/AREA/GA/Runs/20210625fahimi5run4/gen_6/*’: No such file or directory
rm: cannot remove ‘/users/PAS0654/fahimi5/AREA/GA/Runs/20210625fahimi5run4/Flag_Files/*’: No such file or directory
Beginning Gen : 6
Starting GA...

Algorithm Flag Read

Roulette Crossbreeds: 1
Roulette Mutations: 1

Tournament Crossbreeds: 1
Tournament Mutations: 1

Total Children: 4


Parent Flag Read
Reading parent 1/4
Reading gain coeff... 
Reading phase coeff... 
Reading Veff...
Fit is 0.000107772
Finished parent 

Reading parent 2/4
Reading gain coeff... 
Reading phase coeff... 
Reading Veff...
Fit is 10.363
Finished parent 

Reading parent 3/4
Reading gain coeff... 
Reading phase coeff... 
Reading Veff...
Fit is 10.6321
Finished parent 

Reading parent 4/4
Reading gain coeff... 
Reading phase coeff... 
Reading Veff...
Fit is 0
Finished parent 


Finished parsing inputs...
Input gen size is 4
Chromosome 0 fit is : 0.000107772, genotype is :
3.54491 0.165446 0.115622 -0.0261279 0.0944548 -0.0893329 -0.11757 -0.106166 -0.185363 0.0841956 -0.287338 -0.0143137 -0.278042 
3.54491 0.819975 0.0359514 -0.384206 0.280615 -0.220101 0.88981 0.97936 0.452973 0.0497119 -0.0159498 1.18494 0.0589821 
3.54491 -0.651465 -0.103497 0.0992319 0.731893 0.769579 0.0228942 -0.124878 -0.084411 -0.61985 0.0784012 0.189301 -0.170501 
3.54491 -0.682896 -0.038738 -0.0483287 0.0205575 0.508143 -0.165466 -0.0390274 -0.225842 -0.370411 0.131585 -0.0156207 -0.225837 
3.54491 -0.188236 0.0806606 0.0692519 1.77942 -0.0360026 -0.0609896 0.0287757 -0.0366462 -0.247535 0.163223 0.65845 -0.0102374 
3.54491 -0.107919 -0.152558 0.0504245 0.130778 -0.0150027 0.0314323 -0.0235954 0.20638 -0.142604 -0.498723 0.0898864 -0.377953 
3.54491 0.691238 0.0129559 0.0459442 -0.0125636 -0.0108307 -0.0454039 -8.6046e-05 0.222579 0.0459071 -0.0445178 0.258178 -0.273069 
3.54491 0.0823464 1.27371 0.0619654 -0.716027 0.263531 0.31076 0.313703 0.179727 -0.0490924 0.167433 -0.0414171 1.70563 
3.54491 0.00887411 -0.307764 0.178075 0.174771 0.0420446 0.00326938 0.454733 -0.0168616 0.0213161 0.00968943 0.00605637 -0.171723 
3.54491 -0.0245722 -0.0975123 0.0624814 -0.052512 -0.00138437 0.00149882 -0.00485707 0.0450359 -0.342815 0.0608612 0.00354909 -0.452278 
3.54491 0.00677167 0.0278425 0.0119216 -0.568092 -0.0219745 -0.202717 -0.168582 0.000312742 -0.269349 -0.0120359 0.185894 -0.030608 
3.54491 0.211537 0.221973 -0.486727 0.177566 -0.223764 -0.181958 0.543509 0.0202086 -0.498557 0.120664 0.191997 -0.748658 
3.54491 0.431099 0.38587 -0.363535 0.427858 1.89402 0.424064 -1.09038 -0.0440084 0.300581 0.1351 -0.0101924 -0.540194 
3.54491 -0.935463 0.0967754 0.719644 -0.165949 0.00253739 -0.311833 -0.038914 0.774635 0.975802 -0.00559017 0.0218067 0.0841875 
3.54491 0.549101 0.880921 -0.270982 0.327903 -0.208428 -0.159705 -0.117031 1.42468 0.0680383 0.352358 0.81377 0.19598 
3.54491 0.0670599 -0.0415784 0.068197 -0.240848 0.0272267 0.373837 -0.0331613 -0.24378 0.014711 -0.000762588 0.648974 0.0732589 
3.54491 -0.0774098 -0.00308269 0.0106515 0.226598 0.113688 -0.107423 -0.0363416 0.00894783 0.389062 -0.327503 0.0277909 -0.0813994 
3.54491 -0.863014 -0.179566 -0.223181 -0.279899 0.0655053 0.261979 0.682901 -0.00837455 -0.0145092 0.0474061 0.340718 -0.149199 
3.54491 -0.0666218 -0.0316019 -0.489157 -0.0619523 -0.0625006 0.021972 0.436134 -0.0599501 0.487994 0.000204665 0.161933 -0.0290746 
3.54491 -0.105171 -0.554774 0.11224 -0.0506557 0.223775 0.393363 -0.578845 -0.0196767 0.256372 -0.994411 0.0597625 0.217321 
3.54491 -0.0995509 0.0181459 0.0033732 -0.00424436 0.191023 0.977012 1.38126 -0.152327 -0.439545 -0.0218797 0.0862054 -0.0449678 
3.54491 -0.650876 1.4391 0.643787 -0.371117 0.326581 0.0458844 0.0131816 0.119339 0.705701 0.81128 0.0238053 -0.0250684 
3.54491 0.216685 0.0605066 -0.161986 -0.356278 -0.111971 -0.00415907 0.947126 -0.532544 -0.355421 0.455492 0.328996 0.156833 
3.54491 0.17044 0.0897456 0.00932549 -0.36912 0.00247911 -0.258839 0.3692 -0.000337177 -0.129755 -0.209468 -0.0937891 -0.000209838 
3.54491 0.0506591 -0.00777425 -0.0127363 -0.00453477 -0.0307991 -0.0449012 -0.00629568 -0.00334566 0.00298696 -0.0821423 -0.0472637 -0.535135 
3.54491 0.104832 -0.135176 -0.356815 -0.0206502 0.38213 -0.170251 -0.212521 -0.0691976 0.382524 0.166091 0.276716 -0.073275 
3.54491 0.0612412 -0.041847 0.0380152 -0.024374 -0.0916915 -0.0619215 -1.35248 0.0430845 -0.0240202 0.923596 -0.145333 -0.0184161 
3.54491 -0.026695 0.155627 -0.0101177 0.607825 0.194757 -0.0067882 0.0106404 -0.54425 -0.0652946 -0.609645 -0.011037 -0.0755121 
3.54491 0.0934367 0.0105962 0.0118358 0.00808425 0.0170382 0.0207972 -0.0123281 -0.0522026 0.620919 -0.0058428 0.0117156 -0.0922406 
3.54491 0.594778 0.161686 -0.134916 0.199835 -0.224161 -0.315187 -0.148611 0.107876 -0.322496 0.149578 0.0930676 -0.578916 
3.54491 0.167938 -0.0864999 0.196883 -0.0832777 -0.0697735 0.963845 0.663823 0.175573 0.715237 0.588108 -0.0907896 0.166309 
3.54491 0.618659 0.444902 -1.74025 0.602749 0.551598 0.571088 -0.482501 0.834904 0.0696837 0.478608 -0.31917 -0.53672 
3.54491 -0.285583 0.267578 0.41371 -0.0697682 0.318693 -1.17398 0.226045 0.0227199 -0.249767 0.319769 -0.499395 -0.0617588 
3.54491 1.47504 -0.263457 -0.156519 0.0248342 0.763022 0.191593 -0.565206 0.0962602 0.101222 0.139011 0.1953 -0.178963 
3.54491 -0.164336 0.0373799 -0.746855 -0.387184 0.096356 -0.323244 0.0146527 -0.434332 0.193782 0.736662 -0.0177276 -0.0332844 
3.54491 0.132575 0.212209 -0.894341 -0.33939 0.226776 -0.151463 -0.175644 -0.0873831 -0.658768 0.235435 -0.243709 0.995874 
3.54491 -0.312622 -0.0119282 0.00412592 -0.00973213 0.0355113 -0.00567436 0.474496 -0.152202 0.2076 -0.0284684 0.155633 0.0731297 
3.54491 -0.00759989 -0.0466794 -0.0608888 -0.0448753 -0.114113 0.0422594 1.17496 -0.135451 -0.295487 0.0902281 0.103102 -0.0217909 
3.54491 -0.352381 0.0203297 -0.0670748 -0.0763951 0.0530689 -0.170337 -0.180486 0.191274 0.037453 -0.0027556 -0.574605 0.0760465 
3.54491 -0.424603 0.0032618 0.118434 -0.379187 -0.0300521 -0.0108492 -0.00706865 -0.0192138 -0.21931 0.0701638 -0.0485279 -0.176003 
3.54491 -0.0132034 0.206205 -0.164515 -0.0448676 0.665685 0.802906 -0.845138 0.0708178 -0.0181409 -0.372491 -0.759197 -0.0215533 
3.54491 -0.715993 -0.142505 -0.221079 -0.213139 -0.0426598 -0.615367 -0.0771246 0.159106 0.394479 -0.00481158 0.0416901 0.0335656 
3.54491 0.0088344 -0.0117683 -0.188438 -0.0316591 -0.000646746 -0.202216 0.0100931 0.115794 -0.131935 -0.497235 -0.00870738 0.0339672 
3.54491 0.120577 -0.0274316 0.0544892 0.0733371 0.470947 -0.0312313 0.0510941 -0.0383654 -0.0569028 -0.238571 -0.0528723 -0.145654 
3.54491 -0.0128076 -0.017946 1.79617 0.227203 -0.306415 0.593323 0.0440639 -0.672125 -0.604749 0.578931 -0.040656 -0.170779 
3.54491 -1.15861 1.05221 -1.00943 0.50345 -0.248922 1.57356 0.0589766 0.103595 0.642487 -0.369374 -0.0603042 1.25549 
3.54491 0.00880592 -0.557965 0.102317 0.701473 -0.703059 -0.00120697 0.103718 -0.100544 0.585551 -0.564317 -0.113442 -0.150374 
3.54491 -0.168532 -0.233963 -0.0165809 -0.328229 0.000625885 -0.304445 -0.105744 -0.00201237 -0.289368 0.000226237 0.0162542 0.198902 
3.54491 -0.361939 -0.741639 -0.315188 0.875855 0.0368097 0.428304 -0.226045 -0.372208 0.00375901 -0.0655574 0.554018 0.419946 
3.54491 0.00149574 -0.282977 -0.428792 -0.534439 0.0175726 -0.411998 0.40221 0.286617 0.0621482 0.0713551 0.0531483 0.300072 
3.54491 0.0825907 -0.841649 -0.202878 0.708691 -0.0266244 0.160005 -0.782357 -0.337322 -0.027512 0.00497593 0.437744 0.0172125 
3.54491 0.300436 0.0582456 -0.175971 -0.11238 -0.152506 0.171336 -0.124409 -0.0278026 0.182807 0.475808 1.23873 -0.0433648 
3.54491 -0.0260193 -0.217456 -0.0826678 0.132782 0.0840877 -0.271474 -0.724883 -0.0963051 0.197866 0.0996699 -0.079083 -0.045743 
3.54491 -0.777875 0.592931 0.0127461 1.26175 -0.275186 0.257064 0.187814 0.689835 0.187116 -0.71347 -0.81574 0.107972 
3.54491 -0.36765 -1.10088 0.386949 -0.10384 0.0702007 -0.138488 0.282443 0.461904 0.0118677 -0.0248638 -0.246657 0.0972481 
3.54491 -0.322506 -0.664292 -0.120567 0.396748 -0.0694383 -0.0433884 -0.0991138 -0.0510224 0.0422078 -0.445091 0.055724 0.0394508 
3.54491 -0.994451 -0.264967 0.103096 -0.104944 -0.445854 0.688454 0.726233 0.112674 0.0590271 -0.385226 0.370998 -0.0154391 
3.54491 -0.0210757 -0.199135 -0.224846 -0.156694 -0.215408 0.175713 -0.362363 0.078132 0.392402 -0.114676 -0.0524721 -0.353854 
3.54491 -0.327651 0.168975 -0.191232 -0.594038 0.0455684 -0.00154835 0.0814102 -0.0613608 -0.12853 -0.113004 0.541827 0.0134062 
3.54491 -0.0773184 -0.744881 0.662388 -0.201873 -0.113326 0.0168143 -0.0354102 0.0798353 -0.0398166 0.0991018 -0.0361159 0.24048 
2.05063 -3.11033 1.09181 2.04922 -0.950408 1.13772 1.85036 -1.70816 -0.732676 2.15454 2.46602 -1.25865 5.08886 
-0.509273 -4.80927 -0.151898 -2.33667 3.04271 -1.36037 -0.538672 -4.26802 -3.08162 -2.3283 0.492035 -1.92813 -1.72684 
-0.32599 0.469123 0.818028 -2.25812 -0.682745 3.48468 3.13356 1.82205 0.928256 -1.47245 2.59462 1.25201 -4.04483 
-1.64161 1.05787 5.17169 1.00253 -3.19336 3.15234 3.73389 0.478848 2.59862 2.51013 0.115992 -2.92677 2.69744 
0.86576 3.31739 -0.529213 -3.38676 1.20257 1.88522 -1.95672 -0.0673474 -0.97883 1.67422 -2.95107 1.31861 -0.372716 
-2.76498 -2.16438 -2.59116 -0.900805 3.26045 4.43891 0.82122 2.33844 2.82269 -0.825423 -2.73786 3.4134 -4.45736 
0.520294 -3.62021 0.498011 -1.31925 3.11222 -2.34662 1.42636 2.74971 0.799515 -2.81841 -2.38189 2.57664 -3.8991 
-3.57903 -3.34255 3.0928 -2.36346 -2.84183 -1.09447 4.32557 2.04384 -0.34116 4.15793 -4.07253 3.22242 -1.40393 
-4.76457 -2.47645 0.162906 1.72978 0.375142 -0.980615 -2.80695 1.75832 -3.11883 -1.80896 2.98152 3.89829 3.97063 
2.25607 -2.19421 -3.14737 -4.29554 2.92222 -1.24005 -2.57494 -0.539561 4.45766 0.935829 2.2453 0.294157 -1.18384 
-1.31903 -3.5137 0.315019 2.90782 0.502242 -0.789974 -3.74643 -1.28432 0.197693 1.09269 -4.24202 0.154512 -1.5434 
-2.98126 1.24161 -0.913315 -1.60031 -0.250087 0.114207 4.02145 -0.871132 -0.524535 -0.823246 -2.0734 0.0986028 -0.280405 
3.52601 4.05546 -2.65706 -1.20558 -0.0455182 -3.90703 -4.61943 0.820314 -5.30292 2.24477 -0.148122 -3.26373 4.64056 
3.32996 -4.3895 -1.49995 0.910994 -0.303072 -0.73884 -1.72199 2.56349 3.87003 -2.24783 -2.97079 1.09272 4.68195 
-0.741016 -2.69963 -1.1341 -2.08014 -0.605273 0.279238 -2.24938 1.12155 -2.83912 -2.60194 2.0629 2.69312 -2.06844 
-0.321714 -0.141016 3.00314 3.25087 2.81551 3.56291 2.59818 -2.99132 0.844945 -0.59205 0.975461 -2.67793 -3.0729 
-4.71313 -0.98748 1.39029 -2.14236 1.55839 -3.99001 2.31986 2.47481 -1.81914 -3.30963 1.94379 5.55487 0.130108 
0.344502 -5.548 2.3201 -1.1191 -0.692048 -1.04826 3.03877 0.0825676 2.17656 0.274978 1.56385 3.76751 -3.05061 
6.48986 2.80353 3.57449 1.8353 3.3863 -1.21527 -0.91387 -1.14648 1.82684 -2.52573 -0.247163 -2.82548 1.49586 
-4.26024 1.98575 3.48906 -0.433022 2.63276 0.334719 -0.450271 -2.06648 -0.37892 -0.143385 -0.369617 -3.37022 1.85818 
-3.49588 0.152633 -2.70678 -2.89756 -2.46819 2.25917 -0.194995 -1.55868 0.499912 0.819665 0.377776 -1.09959 -1.20869 
1.55911 4.32283 0.229465 0.482418 -0.199294 1.55165 2.10128 1.13598 -1.16281 -3.82867 -1.12705 -0.671861 -1.33418 
3.52623 -1.34535 -1.08682 -2.3018 2.098 2.72864 -3.41556 5.92074 1.24435 -2.39469 1.13191 -2.33799 -1.51867 
-3.34955 0.999335 -4.33473 3.69448 -4.00927 -2.01507 3.66512 3.56788 2.01771 2.14723 3.29713 -3.11533 3.29425 
1.91434 -3.09471 -0.369887 0.247174 -1.09229 -0.00308843 -2.98336 2.16279 -4.40484 1.97777 -0.986471 5.43995 -3.53499 
-2.95719 1.4096 3.65937 -1.3011 -1.76311 1.71508 4.98444 1.21542 -3.25974 0.395771 0.439703 2.82925 -0.642418 
2.99409 1.18472 2.60802 -0.922185 3.79919 -0.489486 1.55938 -1.38748 -4.60214 0.435611 -0.834705 1.24384 3.92172 
-0.424486 -1.26753 3.82172 -1.99248 2.13083 1.89184 -3.9704 -1.69313 0.487196 -3.80409 -3.35397 0.412126 -6.51441 
0.113987 -1.92702 -1.46265 2.15334 1.74398 0.0426139 2.37733 0.223264 2.94511 4.19877 -2.97268 1.51333 -4.69762 
-1.8653 0.02274 -2.51035 -0.101266 2.97106 0.401496 0.829106 1.33758 -0.402475 0.894609 4.05062 0.70054 0.081906 
3.54277 -1.38883 -1.42622 1.08127 2.62281 -1.22074 -1.91435 3.31962 2.35991 -1.48482 1.76451 0.0381619 2.96032 
3.22558 1.31687 -1.58847 5.31251 -0.92976 0.661567 0.945492 5.41781 0.00783796 -1.29124 -1.38057 2.20794 -1.51308 
-5.79885 4.1974 1.98946 1.66945 -0.313986 -1.28044 -3.86118 -2.17496 2.69615 3.59103 -1.4524 2.8095 5.08989 
-0.352221 -1.5681 4.28203 2.93756 -0.0956543 1.70526 4.04911 2.19491 0.569529 -0.124038 -1.47458 -2.07781 -2.53293 
2.56453 2.48692 -0.788416 2.02884 1.15456 1.43803 0.794835 1.56138 -2.95854 2.99297 -1.91168 -3.98371 -1.11394 
0.46916 -0.528831 1.07264 -3.14103 1.00562 -0.529052 0.88515 -3.96436 -2.95188 5.61182 3.59978 -3.28303 -1.38444 
3.32391 -0.24329 1.31365 -4.2163 -1.86227 0.534719 3.30557 1.47353 1.67687 0.047689 -2.1905 -1.8673 4.82019 
3.38266 3.07857 -4.60139 0.681039 2.67825 -1.74794 2.00871 1.53283 1.02452 -2.63066 -3.44862 3.46404 -1.32843 
2.19183 1.47773 -2.99003 -3.4213 2.54181 0.184197 -0.896945 -2.3334 -3.04925 -0.816066 -1.06312 -0.12016 4.71903 
2.56374 -1.28948 0.144109 0.832082 0.77075 -0.158808 0.136285 0.0242548 -1.68979 1.37308 3.09578 -4.35832 -0.441865 
1.92306 0.311126 -4.09016 5.82507 1.9878 1.77584 -2.72686 0.745824 4.19409 0.0803771 -3.24347 1.83207 2.79468 
4.05583 0.0371118 3.10945 1.24142 0.747434 1.78499 -3.59247 4.82244 2.6259 1.94621 -0.39524 3.94901 3.88303 
-0.00363732 -3.58476 -2.96525 -1.56278 -2.49789 -0.060736 1.44996 0.490641 2.02479 -0.132458 1.16328 4.39791 1.08307 
-0.495575 0.311935 -2.40626 0.154158 1.70945 4.11729 3.0733 -3.15286 1.49817 1.69442 2.70887 1.83553 5.96852 
-3.48062 1.69556 4.50802 -1.96594 2.09093 1.01016 -2.41456 -0.445766 -2.20063 -2.94242 -5.31053 1.36543 0.899007 
-0.130747 -2.86347 2.79055 2.83284 2.01151 2.0622 0.561304 1.34601 -4.17591 -0.111444 1.47415 1.22587 4.69385 
-0.776137 -2.35693 3.41321 1.73234 2.7979 1.04636 0.275875 -0.53787 -4.9169 -2.37534 -3.16845 1.64458 -2.95304 
-0.913155 -7.17103 0.469304 3.66382 4.45298 2.53207 -2.36963 -2.81557 -3.7392 -2.49841 -0.592129 0.748772 -3.8044 
-0.545555 -3.08138 -1.71833 4.66644 -3.14187 -0.20213 -1.82039 2.86823 -4.30897 2.12941 -3.66075 0.314516 -2.83724 
6.19015 1.5678 0.909036 0.229741 -3.27295 -1.43148 1.98302 -2.86106 4.28991 0.839116 -1.17843 1.33704 -2.39163 
1.23284 0.826805 -2.71419 0.770216 -2.75113 -0.467582 2.4121 1.44738 -0.198386 0.510006 -2.72786 -2.62085 0.685858 
1.71015 -2.17864 -3.55614 -1.19062 -4.07469 -0.337524 1.94414 -2.29576 4.37254 -1.26067 3.42386 -0.456694 0.0923783 
1.27806 2.66803 3.82232 -2.59997 -1.03954 3.26311 4.80758 -3.96853 -0.569251 -5.81394 -2.4541 2.11605 2.18231 
2.83484 2.02794 0.148032 -0.468029 2.2981 -2.38819 -2.00049 0.349972 -3.00591 3.44891 4.33842 -1.13616 -1.63841 
-2.29058 -2.54865 2.29539 1.2354 -0.842016 -0.147855 -4.47855 0.332311 -1.97578 1.98583 3.50914 0.598743 -1.38898 
-0.169196 -1.27176 3.21665 0.56817 2.21129 0.918148 2.13802 -1.96092 0.848718 -0.974648 4.15069 -1.53122 1.58865 
-2.71579 0.0243431 -1.46415 1.32934 -2.4198 -3.88528 4.27085 -1.04579 -1.38146 -2.34444 0.199352 0.841878 2.48302 
3.31612 1.39313 -1.55299 -1.02495 -3.3633 -0.374028 -2.77529 -1.28497 2.80465 -2.12598 -1.09527 2.96004 1.69638 
-3.86566 3.46277 -0.0789938 -0.955234 -1.16153 -0.153406 3.2672 4.45124 -0.0208315 -0.815859 -0.18258 -3.71734 3.72468 
-2.46598 1.12807 0.816923 4.07591 -2.62969 2.34699 -1.81332 4.6568 -2.07891 -2.29986 -1.65285 3.75646 0.426736 
Chromosome 1 fit is : 10.363, genotype is :
3.54491 0.125452 -0.625326 -0.0254085 1.14444 -0.0868731 0.606878 -0.110189 -0.180259 0.118789 -0.279426 -0.0139196 0.505734 
3.54491 0.427711 0.0187528 0.110546 0.146373 -0.530123 1.27885 0.510849 -0.244619 -0.109118 -0.00831965 0.618082 -0.0588341 
3.54491 -0.651465 -1.21137 0.0992319 0.731893 -0.0335974 0.0228942 -0.124878 -0.084411 -0.61985 0.434316 0.189301 -0.170501 
3.54491 -0.682897 1.03194 0.326313 0.0205575 2.00042 -0.165466 -0.0390274 1.01168 -0.370411 0.131585 -0.0156207 -0.225837 
3.54491 -0.0773565 0.012859 0.0284595 0.731262 -0.0147954 -1.06726 -0.134286 -0.198906 -0.685416 0.270494 0.270594 -0.00420711 
3.54491 -0.755465 -0.110562 0.0365437 0.0947775 -0.0108728 0.0774727 -0.0171001 0.149568 -0.103348 -0.361435 0.0651425 -0.27391 
3.54491 0.237177 -0.29096 0.0109156 -0.0029849 -0.0474984 -0.0107872 0.225649 -0.236668 0.0109067 -0.0105767 0.0613387 -0.0648765 
3.54491 0.0602997 0.932698 0.0453753 -0.891718 0.192975 0.22756 0.229715 0.131608 -1.2238 0.122606 0.178676 0.0304767 
3.54491 0.00887411 -0.307764 0.178075 0.174771 -0.968414 0.00326938 0.379258 0.475052 0.0213161 -0.0971951 0.00605637 -0.171723 
3.54491 1.41262 -0.0697607 0.0446995 -0.0375673 -0.000990384 -0.096837 -0.00347477 0.0322189 -0.245251 0.0435404 0.033864 -0.323562 
3.54491 0.0845515 0.0171253 0.00733271 -0.738845 -0.013516 -0.124687 0.927998 0.667533 -0.165671 -0.00740301 0.114339 -0.0188263 
3.54491 0.211537 1.40359 -0.486727 0.177566 -0.223764 -0.181958 0.54351 0.0202086 -0.130896 0.120664 0.191997 -0.748659 
3.54491 0.176581 0.142263 -0.134028 0.00159833 0.925885 0.156344 -0.402 -0.016225 -0.0238282 0.0498085 -0.00375772 -0.649928 
3.54491 -0.802647 0.0830353 0.617469 0.919283 0.00217713 -0.267559 -0.033389 0.664653 0.837258 -0.00479648 0.726101 0.0722346 
3.54491 0.43833 0.549228 -0.168949 1.29487 -0.129948 -0.0995712 -0.0729652 0.888244 0.0424198 0.243855 0.594123 -0.64657 
3.54491 0.0670599 -0.0415784 0.068197 1.41966 0.0272267 0.373837 -0.0331613 0.182299 0.014711 -0.000762588 0.648974 0.0732589 
3.54491 -0.303828 -0.000903802 0.00312287 0.174924 -0.0452239 -0.0314949 -0.0106549 0.00262338 0.211198 -0.0504947 0.560531 -0.166792 
3.54491 -0.576683 -0.11999 -0.774747 -0.187034 0.60185 0.17506 0.456328 -0.00559604 -0.983661 0.0316777 0.125643 -0.0996978 
3.54491 1.00908 -0.0253633 -0.392592 -0.0497222 -0.0501623 1.60171 0.103483 -0.0481153 0.391659 0.000164262 -0.272827 -0.023335 
3.54491 0.0287347 -0.193125 0.0390724 -0.317621 0.0778993 0.0840985 -0.201504 -0.275391 0.0892468 -0.346169 0.0208042 0.0756526 
3.54491 -0.760019 0.307754 0.00174222 0.246112 0.0986612 0.504616 0.713405 -0.277732 -0.22702 -0.0113006 0.0445241 -0.799405 
3.54491 -0.609965 1.83429 0.00714972 -0.150575 0.306053 0.0430003 0.0123531 0.111838 0.661344 0.760286 -0.436 0.348915 
3.54491 -0.182963 -0.333242 -0.0564671 -0.124196 -0.0390323 -0.00144982 0.493304 -0.185641 0.181855 0.158782 0.114686 0.0546708 
3.54491 -0.130844 -0.09832 0.0022232 -0.0879983 -0.384458 -0.115948 -0.0662999 -8.03831e-05 -0.127033 -0.0499372 -0.0223594 -5.00254e-05 
3.54491 0.00622343 0.0605763 -0.108928 -0.0853206 -0.0996607 0.0253059 -0.204049 -0.000411012 -0.0585141 0.00809384 -0.00580631 -0.37398 
3.54491 0.0471264 -0.0607673 -0.866128 -0.899279 1.22367 0.572523 -0.0955372 -0.0311073 0.171961 0.0746649 0.124396 -0.0329402 
3.54491 0.0398813 -0.0272515 0.0247562 -0.408988 -0.0597111 -0.0403243 -1.12008 0.0280574 -0.0156424 0.601462 -0.0946433 -0.0119929 
3.54491 -0.0143568 0.0836975 -0.00544138 0.326893 0.104742 -0.00365075 0.00572249 -0.292702 -0.035116 -0.327872 0.3357 -0.040611 
3.54491 -0.734648 0.00968339 0.285869 0.00738783 0.0155704 0.0190056 -0.0112661 -0.0477056 1.02887 0.669452 0.0107064 -0.0842945 
3.54491 0.594778 0.161686 -0.134916 1.29926 -0.224161 -0.315187 -0.144289 0.175219 -0.322496 0.149578 0.0930676 -0.76517 
3.54491 0.103923 -0.0535279 0.121835 -0.0515339 0.24354 0.596447 0.410787 0.108648 0.442603 1.26457 -0.0561824 0.102915 
3.54491 0.568534 0.408855 -1.59925 0.553913 0.705618 0.524817 -0.443407 0.767258 0.0640377 0.43983 -0.538766 0.272291 
3.54491 -0.126204 0.118248 0.182826 -0.0308318 0.140836 -0.518801 0.0998934 1.1646 -0.110377 0.670095 -0.627195 -0.301433 
3.54491 1.28717 0.304801 -0.0814389 0.0129216 0.39701 0.830976 -0.39601 0.0500854 -0.400433 0.0723292 0.101617 -0.0931168 
3.54491 -0.164336 0.0373799 -0.746855 1.34594 0.096356 -0.188381 0.0146527 -0.434332 0.193782 0.736662 -0.0177276 -0.144229 
3.54491 0.0763371 0.122191 -0.514964 -0.195422 0.130578 -0.0872128 -0.101136 -0.0503154 -0.85807 0.135564 -0.140328 1.30703 
3.54491 -0.152197 -0.00580714 0.00200867 -0.00473801 0.156345 -0.558861 0.231004 -0.0740982 -0.047396 -0.0138596 0.0757685 0.0356026 
3.54491 -0.00759992 -0.278801 -0.0608891 -0.0448755 -0.114113 0.0422596 1.17496 0.657208 -0.295488 0.0902285 0.103102 -0.021791 
3.54491 -0.141276 0.00815057 -0.0268916 -0.0306283 0.0212764 -0.0682914 -0.0723603 0.0766855 0.33287 -0.217201 -0.755598 0.0304885 
3.54491 -0.0572452 0.000439758 -0.144675 -0.0511222 -0.00405164 -0.0014627 -0.168294 -0.0690149 -0.296635 0.00945953 -0.00654256 -0.134899 
3.54491 -0.00922861 -0.168435 -0.114989 -0.073122 0.465286 1.04498 -0.198805 0.0494987 -0.0126797 -0.260355 -0.530647 -0.26551 
3.54491 -0.398253 -0.988426 -0.12297 -0.118553 -0.0237284 -0.109581 -0.0428986 0.0884987 0.219419 -0.00267632 0.0231891 0.0489463 
3.54491 0.0397918 -0.507698 -0.110526 -0.0185692 -0.816182 0.370996 0.00591998 0.424124 -0.0773848 -0.291647 0.626678 0.019923 
3.54491 0.0997936 -0.0227033 0.0450971 0.0606963 0.389772 -0.0258481 0.228665 -0.132772 -0.0470947 -0.043778 -0.00687719 -0.120548 
3.54491 -0.00392232 -0.00549595 0.550076 0.0695808 -0.0938394 -0.204778 0.0134945 -0.205838 -0.185204 0.177297 0.484376 -0.052301 
3.54491 -0.708436 0.643377 -0.617219 0.307836 -0.152204 1.27078 0.0360614 0.0633435 -0.876999 -0.225855 -0.0368732 0.767673 
3.54491 0.00741723 -0.813942 -1.05595 0.590851 -0.592187 -0.00101663 0.0873617 0.137254 0.815701 -0.325888 -0.0955523 -0.12666 
3.54491 -0.112141 -0.155679 0.242827 -0.218404 0.000416464 -0.717832 -0.0703621 -0.00133903 -0.192546 0.000150538 0.0108155 0.132349 
3.54491 -0.0643453 -0.289517 -0.123041 0.341911 0.0143696 0.167199 -0.0882421 -0.1453 0.00146742 -0.0255919 1.03611 0.740088 
3.54491 0.00149574 0.77582 -0.428792 -0.534439 0.0175726 -0.411998 0.40221 0.286617 0.0621482 -0.557154 0.0531483 0.300072 
3.54491 -0.658236 -0.44769 0.700852 0.300414 -0.506439 0.0851098 -0.416151 0.901699 0.902239 0.0026468 0.232845 0.00915567 
3.54491 0.00297385 0.0582456 -0.175971 -0.11238 -0.152506 0.171336 -0.682454 -0.0278026 -1.22388 0.475808 0.893594 -0.0433648 
3.54491 -0.0260193 -0.217456 -0.0826678 0.132782 1.09644 0.281357 -0.620605 -0.0963051 0.197866 0.973742 0.415372 -0.045743 
3.54491 -0.15538 0.118438 0.00254602 0.0218919 -0.0549682 0.0513483 0.0375157 -0.184274 -0.208529 -0.309609 -0.162943 0.0215673 
3.54491 -0.163073 -0.554184 0.647413 -0.0423625 0.0246534 -0.190356 -0.672288 0.162214 0.00416775 0.280746 -0.249851 0.034152 
3.54491 -0.0817025 0.118967 -0.635486 0.100511 -0.0175913 -0.0109919 -0.343005 -0.221711 0.016569 -0.0536887 0.0364476 0.00999433 
3.54491 -0.152628 -0.127602 0.0496485 -0.446037 -0.214712 0.331543 0.349736 0.0542611 0.226092 -0.185515 0.178664 -0.0277397 
3.54491 -0.00948795 -0.354343 -0.101222 -0.134119 0.0772229 0.0791032 -0.613475 0.0351738 0.176653 -0.0516253 -0.0236221 -0.1593 
3.54491 -0.0937286 -0.300731 -0.0547043 -0.169932 0.124402 -0.205594 0.0232884 -0.017553 -0.0367676 -0.0323262 0.429753 0.139121 
3.54491 0.390099 -0.270086 0.358194 -0.109165 -0.275556 0.00909253 0.234096 0.0431719 -0.0215313 0.0535905 -0.763032 0.130042 
2.05063 -3.11033 1.09181 2.04922 -0.950408 1.13772 1.85036 -3.23309 -0.732676 2.15454 2.46602 -0.804918 5.08886 
-0.509273 -4.80927 -0.151898 -2.33667 3.04271 -1.36037 -0.538672 -4.26802 -3.08162 -2.3283 1.26866 -0.528864 -1.57328 
-0.32599 0.469123 0.818028 -2.25812 -0.682745 3.48468 3.13356 2.01282 0.928256 -1.47245 0.833284 1.25201 -5.26478 
-0.847765 1.05787 5.46356 1.00253 -1.33648 3.15234 3.73389 0.478848 3.1916 2.51013 0.115992 -2.92677 2.69744 
0.86576 2.36876 -0.529213 -3.68769 1.20257 1.88522 -1.64983 0.17128 -0.036566 0.886673 -2.95107 1.31861 0.970907 
-2.66551 -2.16438 -2.59116 -0.900805 3.26045 4.43891 0.82122 2.33844 2.82269 -0.825423 -2.73786 3.4134 -4.35198 
0.520294 -3.62021 0.498011 -1.31925 3.11222 -1.38012 1.42636 2.74971 -0.157277 -2.3967 -5.67646 2.57664 -3.52585 
-3.57903 -2.2889 3.0928 -3.51427 -3.75677 -1.09447 4.32557 2.04384 1.45756 4.15793 -4.07253 3.22242 -1.40393 
-4.76457 -2.47645 0.437895 1.72978 1.36206 -0.215951 -2.80695 3.36527 -3.11883 -1.37774 2.98152 3.89829 3.97063 
0.149125 -2.19421 -3.23537 -5.11827 2.92222 -0.345282 -2.57494 -0.539561 4.45766 0.935829 2.2453 0.294157 -1.18384 
-0.425076 -3.5137 0.315019 2.90782 0.502242 -1.30492 -3.74643 -1.40123 -1.26865 1.09269 -4.24202 0.638118 -2.66796 
-2.98126 0.9725 -0.913315 -1.60031 -0.250087 0.114207 4.02145 -0.871132 0.1221 -0.823246 -2.0734 0.399816 -0.151383 
3.52601 4.05546 -4.53901 -1.20558 -0.0455182 -3.2464 -4.61943 0.820314 -5.16223 2.24477 -0.148122 -3.26373 4.64056 
3.32996 -4.3895 -2.53076 0.910994 -0.303072 -0.73884 -1.72199 2.89844 4.2891 -3.26079 -3.03531 1.09272 4.68195 
-0.341803 -2.69963 -1.69287 -2.42745 -2.60743 0.279238 -2.24938 1.12155 -2.83912 -0.79468 2.0629 2.69312 -2.06844 
-0.321714 -0.141016 3.00314 3.37361 2.81551 3.91657 2.59818 -2.99132 0.844945 -0.59205 0.975461 -2.67793 -2.54561 
-3.42333 0.503625 2.71942 -2.14236 0.651378 -5.36689 2.31986 2.47481 -1.81914 -4.12683 1.94379 5.55487 0.130108 
-1.34873 -6.17635 2.3201 -1.1191 -0.692048 -1.04826 3.21919 0.0825676 3.94703 0.274978 2.01757 3.76751 -3.05061 
7.69808 4.03012 3.57449 1.42637 3.3863 -1.89343 -0.839378 -1.14648 1.82684 -1.12069 -0.0308339 -2.82548 1.49586 
-4.26024 1.98575 3.72336 -0.433022 1.6397 0.334719 -0.450271 -3.14733 -0.37892 -0.143385 -1.06258 -3.37022 1.85818 
-3.49588 0.152633 -2.70678 -3.16276 -2.46819 1.89688 2.58525 -1.95424 0.0346616 0.819665 0.377776 -1.09959 -2.38219 
1.55911 3.23535 0.229465 0.937683 0.62972 1.55165 2.10128 1.13598 -1.16281 -3.82867 -0.0573002 -0.704883 -2.95507 
0.638567 -1.34535 -1.08682 -2.3018 2.098 1.1622 -3.41556 5.92074 1.24435 -0.38681 0.252808 -2.33799 -1.51867 
-3.34955 0.873963 -4.16563 3.69448 -3.94178 -2.01507 3.66512 3.43391 2.01771 1.29976 4.60043 -3.11533 3.29425 
1.91434 -3.09471 -0.42342 0.247174 -1.09229 -0.00308843 -4.11611 2.16279 -4.67095 1.97777 -0.639328 5.43995 -3.53499 
-2.95719 1.4096 4.32403 -1.3011 -1.76311 0.420055 5.45261 0.10905 -3.25974 0.395771 0.439703 2.82925 -0.0770998 
2.99409 1.18472 3.609 -0.922185 3.79919 -0.489486 1.55938 -0.577552 -5.44107 2.45133 -0.834705 1.24384 4.67508 
-0.424486 -0.440746 3.82172 -1.42108 2.13083 1.95072 -3.9704 -2.2704 0.487196 -3.80409 -3.35397 0.412126 -6.51441 
0.113987 -1.10863 -1.46265 2.15334 2.05856 0.0932981 2.37733 0.223264 2.94511 4.19877 -2.59015 1.51333 -4.82403 
-1.8653 -1.13595 -2.51035 0.88432 2.97106 0.838014 0.829106 0.444681 -0.518011 0.894609 4.05062 0.70054 0.081906 
3.54277 -1.38883 -1.42622 2.61269 2.62281 -1.22074 -1.91435 4.711 2.35991 -0.383908 1.76451 0.0381619 2.43047 
3.22558 1.31687 -1.7828 5.31251 -0.92976 0.661567 0.945492 4.51465 0.00783796 -1.29124 -1.38057 2.20794 -1.51308 
-5.79885 4.1974 1.98946 2.86339 -0.313986 -1.83548 -4.3898 -2.17496 2.69615 3.59103 -2.4749 1.54445 5.08989 
-0.352221 0.12535 4.28203 2.93756 -0.0956543 1.70526 2.77047 2.13711 1.16301 -0.124038 -1.47458 -2.07781 -1.80431 
2.56453 2.48692 1.12842 2.02884 2.15532 1.43803 -0.863094 1.56138 -2.95854 2.99297 -1.91168 -3.98371 -1.11394 
0.609907 -0.528831 -0.0876281 -3.14103 -0.126094 -0.373623 0.992116 -3.96436 -2.95188 5.61182 3.59978 -3.28303 -2.81957 
3.32391 -0.24329 1.31365 -4.2163 -2.74886 -0.941418 3.44675 1.47353 0.943889 0.047689 -2.1905 -0.720856 4.82019 
3.38266 3.07857 -3.96787 0.888904 2.67825 0.288586 2.56245 1.53283 1.02452 -3.57704 -3.44862 3.61741 -1.32843 
2.19183 1.47773 -3.91412 -3.4213 2.13761 -0.0708082 -0.730626 -2.3334 -3.04925 -0.816066 -1.06312 -0.12016 4.71903 
2.56374 -1.28948 1.91784 0.832082 0.77075 -0.158808 0.136285 0.0242548 -1.68979 1.37308 2.77068 -4.35832 -0.532654 
1.92306 0.311126 -4.09016 5.82507 1.9878 1.77584 -3.34393 0.745824 2.6932 0.0803771 -3.24347 1.83207 2.29361 
4.55234 -0.89379 3.10945 0.538577 0.747434 1.78499 -3.59247 4.82244 2.70663 1.94621 -0.475168 1.87162 3.88303 
-0.523819 -3.58476 -2.96525 -1.56278 -2.31848 -0.060736 1.44996 1.96295 2.02479 1.52716 1.79755 4.64677 2.65904 
-0.495575 0.0606182 -2.40626 1.93091 -0.922697 3.38651 3.0733 -3.15286 1.49817 1.69442 2.70887 1.83553 5.96852 
-3.48062 0.900073 3.67197 -3.13974 1.91511 -0.140574 -2.41456 -0.445766 -2.20063 -2.94242 -5.31053 1.36543 0.899007 
-0.130747 -2.86347 2.79055 3.82478 2.01151 2.53579 0.561304 2.51 -4.17591 -0.813226 2.02507 1.22587 4.09531 
-0.776137 -2.35693 3.41321 1.73234 3.09994 1.04636 2.79866 -0.53787 -4.9169 -2.37534 -3.16845 1.64458 -2.56073 
-0.620677 -6.17748 0.469304 3.66382 4.56825 2.53207 -3.28217 -2.81557 -3.7392 -3.70119 -0.592129 0.748772 -4.1566 
-0.0131852 -4.46486 -1.71833 5.12305 -3.50022 -0.20213 -1.82039 2.86823 -4.75282 2.12941 -3.66075 0.314516 -2.44889 
7.41614 1.5678 0.909036 -1.19289 -4.46401 -1.43148 1.98302 -2.86106 4.28991 0.839116 1.29588 1.84102 -2.36483 
1.23284 0.826805 -2.38594 1.20555 -2.21355 -0.467582 2.4121 1.44738 -0.198386 0.79611 -2.72786 -2.62085 1.04344 
1.26031 -1.36911 -3.55614 -1.19062 -4.07469 -0.337524 1.15867 -2.29576 4.37254 -1.8918 4.92433 -0.0359893 0.0923783 
1.21179 2.66803 3.82232 -3.46908 -1.03954 3.26311 4.80758 -3.96853 -0.569251 -5.81394 -2.4541 3.12004 2.18231 
2.83484 2.02794 0.148032 -0.468029 2.56549 -2.38819 -2.00049 -0.310043 -3.00591 3.44891 4.33842 -1.13616 -1.63841 
-2.29058 -2.54865 2.01685 1.2354 0.921149 -0.147855 -4.47855 0.159075 -1.97578 4.12566 3.50914 0.598743 -1.43847 
-0.169196 -1.40645 3.21665 -0.270784 2.21129 0.822768 2.04289 -1.96092 0.848718 -0.974648 4.15069 -0.676096 0.182864 
-2.71579 -1.09738 -1.46415 1.32934 -2.03387 -3.86157 5.25642 -1.04579 -1.38146 -2.34444 0.549948 1.29227 2.02202 
3.31612 1.39313 -1.06378 -1.02495 -3.3633 -0.585821 -2.77529 -1.28497 2.80465 -2.12598 -1.09527 2.96004 2.48215 
-3.86566 2.72299 -0.0368985 -0.955234 -0.526563 -0.153406 3.2672 4.45124 -0.0208315 -0.815859 0.227522 -3.71734 3.72468 
-2.47141 1.12807 1.02248 5.094 -2.62969 2.34699 -1.81332 4.6568 -2.07891 -2.29986 -2.04914 2.92457 0.426736 
Chromosome 2 fit is : 10.6321, genotype is :
3.54491 0.221461 0.157392 -0.0406969 0.161902 -0.0977287 -0.156917 -0.150767 -0.045222 0.11659 -0.184218 0.039786 -0.40212 
3.54491 0.659884 0.0435829 -0.475412 0.204253 -0.152725 0.733878 0.805904 0.400857 0.0653719 -0.0233176 0.992151 0.0285632 
3.54491 -0.618887 -0.128508 0.12663 0.638862 0.620346 0.0284813 -0.186076 -0.156102 -0.553857 0.0995396 0.226151 -0.205881 
3.54491 -0.635948 -0.0857904 -0.101726 0.0360088 0.35991 -0.14585 -0.113848 -0.160249 -0.283026 0.165136 -0.040346 -0.173319 
3.54491 -0.190001 0.109051 0.162196 1.46427 -0.0865321 -0.111469 0.0347105 -0.065627 -0.0710656 0.321252 0.588243 -0.0115231 
3.54491 -0.141 -0.0581986 0.214247 0.242362 0.0244228 0.0599366 -0.0225001 0.296176 -0.100033 -0.526201 0.104528 -0.277113 
3.54491 0.674568 -0.00152308 0.104094 -0.0389257 -0.0225029 0.0178905 0.0032877 0.371434 0.101136 -0.10244 0.13629 -0.243361 
3.54491 0.120213 1.00696 0.0667596 -0.692295 0.17526 0.240062 0.320043 0.236355 -0.0128435 0.16209 -0.0426058 1.36143 
3.54491 0.020539 -0.245287 0.215367 0.178798 0.0731743 -0.00111174 0.361079 -0.0400767 0.0383705 0.0169899 0.0284319 -0.125801 
3.54491 -0.100628 -0.221345 0.0333024 -0.0656936 -0.00703584 -0.0135763 -0.0103917 0.100994 -0.287076 0.0437952 0.0340785 -0.399792 
3.54491 0.000498476 0.0296432 0.0132558 -0.469889 -0.0266113 -0.18816 -0.120724 0.00105483 -0.160882 -0.0205847 0.19242 -0.0353202 
3.54491 0.280151 0.425462 -0.407566 0.388253 -0.307407 -0.262291 0.316653 0.12048 -0.43141 0.153807 0.262172 -0.448214 
3.54491 0.357455 0.260111 -0.299294 0.365507 1.48807 0.411986 -0.877609 -0.04852 0.303745 0.135396 -0.00984638 -0.489066 
3.54491 -0.73073 0.0275049 0.559206 -0.108023 0.0212404 -0.262851 -0.0552198 0.602278 0.83241 -0.0124367 0.0290532 0.0824658 
3.54491 0.587558 0.872326 -0.114108 0.47087 -0.267243 -0.115058 -0.113446 1.30624 0.0140081 0.355398 0.779187 0.226865 
3.54491 0.102584 -0.0685813 0.013437 -0.18521 0.0252601 0.337991 -0.0416528 -0.254762 0.0253434 0.00972651 0.640153 0.117207 
3.54491 -0.131038 -0.00746133 0.0146944 0.286616 0.0832686 -0.0779268 -0.0682607 0.00772441 0.427407 -0.322136 0.0578457 -0.0299891 
3.54491 -0.67728 -0.135407 -0.234514 -0.315857 0.0706193 0.169992 0.553293 0.0128799 0.00160938 0.0303868 0.270393 -0.151626 
3.54491 -0.127304 -0.0744589 -0.405396 -0.0550197 -0.135992 0.0419308 0.349922 -0.0949885 0.467877 0.0374889 0.155224 -0.040347 
3.54491 -0.104077 -0.485211 0.0562996 -0.0765294 0.283807 0.37209 -0.499334 -0.0347443 0.273793 -0.725391 0.0601715 0.275247 
3.54491 -0.128876 0.0663561 0.0100016 -0.00882509 0.139148 0.762265 1.07044 -0.136868 -0.356758 -0.0392148 0.0180701 -0.043794 
3.54491 -0.492255 1.16025 0.514495 -0.358475 0.306184 0.0102391 0.0465877 0.0672652 0.606046 0.708833 0.0332659 -0.0137818 
3.54491 0.26991 0.0717358 -0.182094 -0.411282 -0.178824 0.00333116 0.79924 -0.470327 -0.260398 0.394134 0.230444 0.194979 
3.54491 0.0340522 0.192664 0.0259067 -0.235842 0.0122064 -0.129578 0.373584 -0.00902004 0.0368004 0.0656396 -0.0800123 -0.0380543 
3.54491 0.0303941 -0.049805 0.0269646 -0.0151386 -0.0936861 -0.029257 -0.0264247 0.00743867 0.0117735 -0.0489504 -0.055417 -0.381207 
3.54491 0.0871983 -0.135431 -0.2852 0.030314 0.281868 -0.0912658 -0.255542 -0.124874 0.293207 0.167064 0.236847 -0.0930689 
3.54491 0.0779944 -0.0394731 0.0406241 -0.0363554 -0.123528 -0.0953968 -1.10374 0.0451736 -0.0277375 0.745595 -0.169615 -0.0214924 
3.54491 -0.065508 0.117991 -0.0278482 0.475401 0.141428 -0.0181812 0.0296133 -0.432551 -0.0740407 -0.511537 -0.028247 -0.0687253 
3.54491 0.00330096 0.0803244 0.0867528 0.0452748 0.0896096 0.0577604 -0.0777687 0.00832492 0.579239 -0.0210174 0.0683223 -0.146863 
3.54491 0.521953 0.163493 -0.145696 0.292054 -0.235827 -0.186889 -0.139844 0.103415 -0.338336 0.14227 0.0978403 -0.374253 
3.54491 0.220096 -0.0685687 0.157803 -0.0460248 -0.0817166 0.847432 0.540257 0.213204 0.524988 0.493838 -0.0960403 0.265861 
3.54491 0.435401 0.483166 -1.49154 0.583914 0.397268 0.602922 -0.419125 0.62592 0.0729829 0.502849 -0.305049 -0.549852 
3.54491 -0.382354 0.324843 0.299272 -0.217083 0.403631 -1.0832 0.231018 0.0417182 -0.196575 0.336512 -0.497708 -0.0666429 
3.54491 1.16037 -0.268755 -0.148884 0.0282061 0.690212 0.189267 -0.560497 0.100991 0.135012 0.14815 0.198075 -0.180888 
3.54491 -0.227737 0.0476319 -0.726266 -0.291346 0.0486678 -0.263952 0.0368464 -0.347216 0.15848 0.635507 -0.0290173 -0.0500187 
3.54491 -0.074746 0.311296 -0.788034 -0.138061 0.336184 -0.221534 -0.189925 0.0750641 -0.669497 0.281074 -0.226996 1.02829 
3.54491 -0.241256 -0.0226929 0.00631234 -0.0343047 0.0406555 -0.0229264 0.411821 -0.0989894 0.126832 -0.0344465 0.127086 0.182338 
3.54491 -0.012838 -0.0722659 -0.0130765 -0.078466 -0.16548 0.0655391 0.929485 -0.0639886 -0.345619 0.136493 0.240505 -0.0318271 
3.54491 -0.334572 0.0284575 -0.105156 -0.112708 0.0907019 -0.239554 -0.0894224 0.151306 0.0508018 0.0187553 -0.455628 0.111022 
3.54491 -0.49869 0.00949764 0.301821 -0.234552 -0.03728 -0.0237162 -0.0216014 -0.0314942 -0.211364 0.0315684 -0.0379458 -0.117757 
3.54491 -0.0236338 0.202652 -0.174684 -0.0600245 0.50805 0.650867 -0.666421 -0.0292675 -0.018273 -0.293153 -0.627925 -0.0240977 
3.54491 -0.578738 -0.189871 -0.222034 -0.173675 -0.0607596 -0.479327 -0.114294 0.138851 0.308896 0.0038146 0.0372027 0.0271593 
3.54491 0.0254846 -0.0205092 -0.125038 -0.0534731 0.017658 -0.2131 0.0153462 0.0654408 -0.0439986 -0.392131 -0.0113469 0.110685 
3.54491 0.116369 -0.0527485 0.141224 0.136248 0.403184 -0.0931108 0.159214 0.0738191 -0.180717 -0.166136 -0.11714 -0.102961 
3.54491 -0.0282191 -0.0268615 1.47431 0.163015 -0.255595 0.485807 0.040626 -0.536224 -0.572966 0.474453 -0.0429703 -0.160167 
3.54491 -0.922712 0.851109 -0.792335 0.485426 -0.154321 1.23177 0.0792481 0.109862 0.458779 -0.381039 -0.0489003 1.03624 
3.54491 0.0258326 -0.448491 0.0843521 0.788062 -0.654248 -0.0382356 0.0619676 -0.117369 0.458941 -0.438148 -0.0667056 -0.177268 
3.54491 -0.166808 -0.160108 -0.00840132 -0.266726 -0.00870661 -0.412906 -0.118178 -0.0286261 -0.225718 0.0309104 0.0321207 0.179522 
3.54491 -0.311649 -0.618549 -0.307857 0.876209 0.03578 0.41858 -0.214309 -0.359763 0.0240186 -0.0697855 0.499008 0.309535 
3.54491 0.036958 -0.298802 -0.352255 -0.447228 0.0201019 -0.298231 0.442183 0.252939 0.0872454 0.0725054 0.0588549 0.242478 
3.54491 0.0961876 -0.70229 -0.187664 0.622333 -0.0136044 0.170743 -0.609239 -0.331652 -0.0324524 0.0085431 0.454414 0.0187713 
3.54491 0.227515 0.0701355 -0.221785 -0.146214 -0.133649 0.171269 -0.161765 0.0489797 0.226592 0.556532 0.904253 -0.0567372 
3.54491 -0.0910456 -0.345571 -0.112621 0.216795 0.151341 -0.342324 -0.594417 -0.0925882 0.101726 0.18139 -0.11161 -0.0551403 
3.54491 -0.787919 0.561671 0.0257263 1.03447 -0.300103 0.277857 0.203149 0.441386 0.212444 -0.472195 -0.776245 0.148055 
3.54491 -0.233363 -0.870338 0.295988 0.033066 0.118418 -0.177126 0.275371 0.540258 0.0407126 -0.0287379 -0.211666 0.139985 
3.54491 -0.284284 -0.564122 -0.16091 0.325137 -0.159131 0.0728203 -0.0198786 -0.114057 0.084414 -0.3158 0.0898292 0.0663328 
3.54491 -0.821965 -0.297516 0.0957185 -0.151693 -0.473659 0.587929 0.631374 0.131765 0.0409328 -0.310174 0.337162 0.0033391 
3.54491 -0.00750292 -0.102103 -0.13625 -0.243053 -0.233283 0.261326 -0.312348 0.139365 0.47571 -0.17388 -0.0797979 -0.169687 
3.54491 -0.386612 0.30148 -0.108444 -0.515322 0.0750071 -0.00245568 0.16116 -0.00324284 -0.0822498 -0.135489 0.487929 0.0563794 
3.54491 -0.123761 -0.568982 0.599267 -0.302433 -0.0999758 0.00563828 -0.0423224 0.0588307 -0.0743341 0.143764 -0.0703809 0.174883 
2.08959 -3.24527 1.12318 2.09505 -0.902644 1.15122 1.82018 -1.87861 -0.702586 1.79444 2.60762 -1.62835 4.7764 
-0.395127 -4.77412 -0.0870958 -2.39315 3.25012 -1.4345 -0.555981 -4.21695 -3.17589 -2.34365 0.571471 -1.75005 -1.78979 
-0.254398 0.557364 0.78839 -2.28807 -0.650063 3.51709 3.30283 2.18602 0.735011 -1.23992 2.72192 1.16152 -3.97782 
-1.5286 1.00651 4.75856 1.12298 -3.14794 3.23396 3.17737 0.444652 2.65169 2.53353 0.0887245 -2.78152 2.64263 
1.20341 3.34755 -0.40317 -3.1266 1.26489 1.93261 -1.86511 -0.0324527 -0.956568 1.65456 -3.14678 0.588352 -0.534783 
-2.66342 -2.36691 -2.69812 -0.899196 2.78224 4.40058 0.757149 1.93641 2.74913 -0.836207 -2.47516 3.47954 -4.51097 
0.455643 -3.63971 0.390929 -1.62696 3.18466 -2.1896 1.37951 2.72635 0.922642 -2.78078 -2.4612 2.72446 -3.82586 
-3.4733 -3.44851 3.30753 -2.44212 -2.94304 -1.05453 4.25639 2.08408 -0.252219 4.20288 -3.79809 3.16601 -1.41163 
-4.72473 -2.50103 0.185235 1.63018 0.354533 -0.793577 -2.8506 1.62265 -2.86332 -1.87035 3.13313 3.75519 3.81511 
2.17826 -2.13137 -3.17063 -4.37299 2.89772 -1.15183 -2.19204 -0.3399 4.3503 0.988417 1.76805 0.598846 -1.3608 
-1.39603 -3.46585 0.42009 2.89073 0.557751 -0.70134 -3.71509 -1.73388 0.317493 1.05454 -4.17006 0.141403 -1.62716 
-2.81981 1.24623 -0.855407 -1.73305 -0.199268 -0.201806 4.06491 -0.935556 -0.500815 -0.692677 -1.93411 0.0618188 -0.01893 
3.1473 3.66631 -2.5549 -1.26791 0.0465342 -3.17925 -4.64091 0.776873 -5.1755 2.25073 -0.0967696 -3.21188 4.46882 
2.96305 -4.46277 -1.33322 1.2074 -0.15038 -0.818412 -1.75819 2.55566 3.15215 -2.30522 -2.47854 1.12371 4.59342 
-0.807361 -2.71258 -1.09119 -2.53787 -0.750284 0.252769 -2.38717 1.03059 -2.51155 -2.87897 2.15416 2.67388 -2.10897 
-0.340295 -0.084967 3.01542 3.36671 2.89451 3.67799 2.60038 -2.96724 0.47943 -0.57627 1.08403 -2.4265 -3.06579 
-4.31543 -1.14789 1.27793 -2.17963 1.07205 -3.97067 2.40549 2.44754 -1.81287 -3.13112 2.05113 5.18143 0.0236686 
0.334677 -5.29039 2.30492 -0.796118 -0.701747 -0.900689 3.12985 0.131201 2.04559 0.347231 1.82497 3.80261 -2.86754 
6.01383 2.83795 3.49451 2.2028 3.23819 -1.35038 -0.695283 -0.989376 1.86309 -2.46227 -0.302787 -2.52846 1.10951 
-4.29418 2.07007 3.50843 -0.51835 2.54291 0.334564 -0.381305 -1.9724 -0.420237 -0.150625 -0.332938 -3.05405 1.82061 
-3.36314 0.148062 -2.60759 -2.81923 -2.44709 2.37558 -0.155832 -1.51799 0.771516 0.70559 0.361257 -1.33768 -1.20839 
1.79678 4.04226 0.273252 0.608916 -0.325897 1.61374 1.87285 0.890014 -0.996141 -3.7228 -1.31813 -0.762613 -1.16963 
3.57831 -1.25832 -1.15225 -2.59081 2.3399 2.34352 -3.32901 5.66507 1.23163 -2.40461 1.13514 -2.59929 -1.48674 
-3.38244 0.974594 -4.13322 3.77386 -3.95704 -1.74861 3.54413 3.54629 1.94072 1.9966 3.33655 -3.14733 3.19872 
1.88784 -3.36954 -0.50151 0.275748 -0.913168 -0.0433911 -2.96396 2.36025 -4.29431 1.86297 -1.03173 5.18893 -3.54515 
-2.70437 1.30496 3.69181 -1.04608 -1.83492 1.59394 5.06966 1.22916 -3.21508 -0.141485 0.388628 2.9399 -0.288516 
3.00363 1.2019 2.7037 -0.563268 3.7324 -0.424351 1.47447 -1.32142 -4.51668 0.303506 -0.90317 1.47433 3.54733 
-0.505466 -1.39218 3.46265 -1.93754 2.38816 1.87855 -3.986 -1.89045 0.456424 -3.86373 -3.35461 0.664951 -6.07279 
0.100009 -2.07808 -1.6161 2.11742 1.72961 0.143652 2.35968 0.387585 2.87504 4.10935 -3.08868 1.83286 -4.6666 
-2.13186 0.0341669 -2.61937 0.143425 2.98922 0.42839 0.903797 1.46712 -0.049568 0.886787 4.02716 0.535112 0.0456244 
3.82792 -1.55541 -1.44964 1.04113 2.5818 -0.947207 -1.85675 3.27804 2.41513 -1.19135 1.81225 0.0262326 2.90504 
3.20794 1.31713 -1.86695 5.18639 -1.0026 0.208222 1.01962 5.02535 -0.015358 -1.37534 -0.993581 2.25028 -1.45441 
-5.40623 4.05588 2.08578 1.79379 -0.313556 -1.26741 -3.58953 -2.27385 2.67963 3.57054 -1.4119 2.74879 4.85407 
-0.416226 -1.58832 4.20757 2.93971 -0.510203 1.87993 3.97723 2.38655 0.292033 0.0673918 -1.763 -1.91537 -2.5424 
2.51429 2.31735 -0.696873 1.9217 1.03218 1.50822 0.918486 1.87373 -2.80378 2.96152 -1.55427 -3.93743 -1.10516 
0.359826 -0.463931 1.31092 -2.93905 0.843877 -0.504382 0.787687 -3.87742 -2.6923 5.19353 3.74366 -3.4393 -1.43617 
3.32212 -0.0949468 1.34968 -4.22785 -1.84174 0.545188 3.31254 1.38387 2.06211 0.219428 -2.13791 -1.89721 4.55741 
3.33531 3.09744 -4.59348 0.59899 2.70837 -1.69576 1.73743 1.96255 1.14239 -2.85515 -3.45278 3.4157 -1.34776 
2.20561 1.45667 -2.64935 -3.3938 2.53936 0.247973 -0.923628 -2.31562 -3.26172 -0.669305 -1.30825 -0.109152 4.65684 
2.85611 -1.29336 0.23721 0.827441 0.24416 -0.0372202 0.264463 -0.192696 -1.637 1.36941 3.15202 -4.0791 -0.571112 
1.82704 0.273182 -3.7895 5.3287 1.98406 1.78615 -2.88602 0.993007 4.24255 0.117049 -3.27284 1.49918 2.80308 
4.07112 0.279163 3.25781 1.20185 0.663672 1.4129 -3.57306 4.55048 2.62629 1.92196 -0.522668 4.04094 3.78799 
-0.199298 -3.62647 -3.00644 -1.322 -2.4734 -0.068043 1.42062 0.571667 1.85945 -0.23253 1.12197 4.24714 1.40991 
-0.432972 0.235549 -2.45334 0.138554 1.65746 4.0455 2.95578 -3.43189 1.3838 1.6316 2.45315 1.78439 5.39407 
-3.45034 1.78258 4.42503 -2.01775 2.19524 0.739793 -2.16527 -0.410519 -2.17385 -2.91761 -4.86397 1.3686 0.850258 
-0.110069 -2.92474 2.45659 2.80303 2.04899 2.15352 0.920255 1.42396 -4.10782 -0.388359 1.41656 1.00258 4.3458 
-0.645434 -2.36642 3.32339 2.08509 2.7156 1.26119 0.185324 -0.745174 -4.67632 -2.50493 -3.30599 1.85607 -2.96211 
-1.09002 -6.56037 0.509754 3.69424 4.51536 2.51702 -2.32618 -2.81032 -3.46641 -2.58371 -0.569136 0.743932 -3.49163 
-0.50774 -3.14959 -1.74196 4.58723 -3.20703 -0.165936 -2.17324 2.82402 -4.29411 2.03804 -3.57862 0.309395 -2.84819 
5.81678 1.64372 1.04804 0.132011 -3.30513 -1.42786 2.31322 -3.12488 4.22865 0.643625 -0.994764 1.30928 -2.49016 
1.15291 1.16441 -2.69914 0.63216 -2.68033 -0.468514 2.40772 1.41313 -0.249958 0.537591 -2.64971 -2.71224 0.480027 
1.65298 -1.87613 -3.64573 -1.13062 -4.23546 -0.249613 1.87096 -2.23881 4.32043 -1.01996 3.33996 -0.315817 0.213366 
1.29007 2.67505 3.51995 -2.5105 -0.985319 3.02812 4.76007 -3.60558 -0.758363 -5.31695 -2.57413 2.22793 2.18249 
2.95383 1.58273 0.24607 -0.455215 2.61966 -2.46277 -2.01213 0.325772 -2.96349 3.31924 4.38963 -1.46644 -1.57526 
-2.5106 -2.39001 2.36787 1.17099 -0.867589 -0.108529 -4.49167 0.782275 -2.00231 2.08651 3.31705 0.5879 -1.50589 
-0.19592 -1.23456 3.28337 0.540844 2.6337 0.5798 1.95302 -2.07505 1.08707 -1.02256 4.09969 -1.45426 1.69208 
-2.53028 -0.337006 -1.2324 1.29752 -2.34924 -3.83267 4.23475 -0.656602 -1.17687 -2.67253 0.105772 0.913806 2.46055 
3.3329 1.13555 -1.71368 -1.02861 -3.10864 -0.0945524 -2.67468 -1.301 2.51349 -2.3462 -1.06085 3.01731 1.65708 
-3.67672 3.67747 -0.0408044 -0.767354 -1.4723 -0.072472 3.29454 4.47473 -0.683883 -0.959249 -0.367358 -3.6456 3.73926 
-2.447 1.29343 0.793258 4.03911 -2.94552 2.40886 -1.78045 4.55829 -1.63098 -2.31603 -1.69031 3.60471 0.306454 
Chromosome 3 fit is : 0, genotype is :
3.54491 0.567025 -0.444478 -0.0980874 0.472197 -0.134046 -0.422391 -0.361458 0.692683 0.74511 0.240661 0.345692 0.0406412 
3.54491 0.0204835 0.0598657 -0.675918 -0.0382811 0.127586 0.088744 0.0845512 0.151605 0.0887695 0.155032 0.12783 -1.04344 
3.54491 -0.153115 -0.0842102 0.081389 -0.128354 0.261816 -0.172566 -0.0995593 -0.155922 -0.0929094 0.0637113 -0.00829716 -0.397308 
3.54491 0.110855 -0.152564 -0.194664 0.0868147 -0.118863 -0.0360047 -0.161557 0.052795 0.0557173 -0.483497 -0.0752043 0.0248692 
3.54491 0.0512521 0.0469625 0.0680322 -0.108268 -0.0385319 -0.368385 0.0329125 -0.0369833 0.349973 0.168918 0.0632413 -0.104249 
3.54491 -0.281662 0.683518 0.853518 0.486497 0.120339 0.118317 -0.0785822 0.494546 0.0499609 -0.468758 -1.04422 0.0857031 
3.54491 0.625611 0.0736296 0.343827 0.315555 -0.0707817 0.303644 -0.550729 1.31846 1.18483 -0.232628 -0.367575 -0.236626 
3.54491 0.0517434 0.0258829 0.0450514 -0.338869 -0.132538 -0.643699 0.191734 0.0766719 -0.228148 0.08413 -0.389329 0.276573 
3.54491 0.0294351 -0.090646 0.0483486 -0.14732 0.0756169 -0.151389 0.0199958 -0.060367 0.145435 0.034651 0.220196 -0.0134415 
3.54491 -0.804798 -0.519021 -0.029696 -0.108893 -0.0153384 -0.000909942 -0.0225888 0.246017 0.549919 0.0236569 -0.0315034 -0.16106 
3.54491 0.671688 -0.147181 0.0216284 -0.0755502 0.800987 -0.137991 -0.704336 0.0188526 0.318701 1.28288 0.101318 -0.466097 
3.54491 0.652146 1.25972 0.749037 1.16606 -0.656118 -0.564657 -0.520767 0.412103 -0.37501 0.315785 -0.757088 0.784583 
3.54491 0.0233099 -0.0887936 -0.267556 0.0504698 -0.0102905 0.028463 0.0179045 -0.0201912 0.91091 0.0459655 0.00260072 -0.0754093 
3.54491 0.161594 -0.297756 0.0918261 0.0628159 0.0256886 -0.0318864 -0.13698 -0.0395315 0.352536 -0.0386825 0.0668514 0.154201 
3.54491 0.877861 0.744565 1.34309 1.13743 0.212494 -0.289463 -0.170052 1.69614 0.520737 0.565391 1.26221 0.322718 
3.54491 0.194645 -0.123986 -0.150786 -0.0546248 0.085609 0.13296 0.0239897 -0.52018 0.0476169 0.0346731 0.454552 0.221045 
3.54491 -0.288991 -0.793067 0.0265385 0.318626 -0.0773218 0.0127275 -0.34137 0.861959 0.361066 0.151838 0.087066 0.0672955 
3.54491 0.0623142 0.122839 -0.314306 -0.36126 0.094593 -0.137333 -0.0289158 -0.034146 -0.0180283 0.978546 0.693501 -0.113593 
3.54491 -0.144085 -0.0660412 -0.128424 -0.308142 -0.120794 0.0455217 -0.0105651 -0.299422 0.194776 -0.22948 0.047551 -0.060924 
3.54491 -0.426743 0.224516 -0.0669245 -0.10903 0.464793 -0.268134 0.401564 0.36217 0.233312 0.812368 0.0507087 0.396871 
3.54491 -0.258308 0.18721 0.895491 1.43694 -0.0497556 -0.7568 -0.121582 -0.0117644 -0.0668726 -0.0725733 -0.13654 0.699116 
3.54491 0.0867162 0.213963 0.00257871 -0.593777 0.640283 0.0115674 0.0956996 0.12662 0.2486 0.0970528 -0.11898 -0.0172574 
3.54491 0.561504 0.0982226 -0.409298 0.668762 -0.296617 0.0156494 0.227157 -0.629523 0.147988 0.186305 0.631941 0.404441 
3.54491 -0.73343 0.655928 0.142087 0.311753 0.074019 -0.793874 0.966788 0.447668 0.332485 1.25917 0.00279512 -0.143198 
3.54491 -0.0376393 -0.517735 -0.785914 -0.0313879 -0.173829 -0.0680705 -0.0385306 -0.018405 0.590814 0.0930538 -0.100683 0.0235305 
3.54491 -0.0611004 -0.283297 0.43971 -0.506328 -0.0544533 0.113161 -0.220587 -0.0779629 -0.467916 0.490427 0.033959 0.0798041 
3.54491 0.178406 0.16697 -0.0768078 -0.0953952 -0.225679 -0.207262 -0.0190449 1.25443 -0.0343828 0.0276871 -0.353213 -0.0422483 
3.54491 -0.302958 -0.0190581 -0.10863 0.15614 -0.0843374 -0.079441 0.122256 0.0129676 -0.0843743 -0.117555 -0.120822 0.0504701 
3.54491 -0.0574554 0.0709098 0.0702861 0.0260005 0.0481092 0.0565752 -0.0386204 -0.229582 0.0530752 -0.0747845 0.23878 -0.244646 
3.54491 0.121252 0.697446 -0.181213 0.307325 -0.291955 1.72411 -0.0917679 0.121698 -0.377647 1.52139 0.144953 0.42798 
3.54491 0.478144 1.71254 0.816 0.0742951 -0.108389 0.330079 0.340391 0.320942 -0.266526 0.520178 0.241049 0.709374 
3.54491 -0.160404 1.28368 -0.642674 0.102762 -0.29602 0.428068 -0.218521 -0.672026 0.0307654 0.223198 -0.337778 -0.245372 
3.54491 -0.293686 0.346502 -0.226806 -0.795853 0.330853 -0.401246 0.233121 0.0341438 -0.0246786 0.21937 0.114719 -0.0594906 
3.54491 0.214849 -0.331845 -0.200387 0.902879 0.0598568 0.228392 -0.684248 0.133511 0.138428 0.181928 0.537713 -0.249699 
3.54491 -0.389566 0.177097 -0.520097 0.965924 -0.172164 -0.0217822 -0.610076 0.527221 -0.0189113 0.187503 -0.0571008 1.55008 
3.54491 -0.545511 0.452631 -0.246325 0.52527 0.502695 0.348486 -0.751795 0.46846 -0.426396 0.283911 -0.150388 1.29603 
3.54491 0.609815 -0.0976381 -0.428567 -1.06651 0.0360617 -0.0435341 0.117574 0.0437078 -0.22574 -0.0366857 0.00532668 0.473195 
3.54491 -0.0186102 -0.0647851 0.10083 -0.128466 -0.264356 0.0987108 -0.0283779 0.137489 -0.324498 0.184624 -0.0722273 1.26335 
3.54491 -0.109119 0.0290133 -0.0520192 -0.0974991 0.887891 -0.248375 0.0918886 -0.321369 0.0526382 -0.0246511 0.0129173 0.767245 
3.54491 -0.536456 -0.39492 0.338685 0.0730243 -0.500231 -0.0423736 -0.0289274 -0.0572115 -0.132734 0.170382 0.0255143 -0.202522 
3.54491 -0.019052 0.424981 -0.121407 -0.0320974 0.175525 0.0224607 -0.183408 -0.215608 -0.0104077 0.0122452 -0.63279 -0.0169014 
3.54491 -0.0341631 -0.499315 -0.262282 0.125032 -0.159518 -0.0832851 -0.261077 0.0710843 -0.0357218 0.0110616 0.111471 0.0701964 
3.54491 0.079888 -0.0859684 -0.0247481 0.354683 0.315155 -0.297273 0.0191465 -0.385525 0.42929 0.0341104 -0.0430248 1.35283 
3.54491 0.0487454 -0.0204939 0.165379 0.0558395 -0.267314 -0.108563 0.161054 0.182328 -0.173883 0.0407589 -0.115274 -0.632419 
3.54491 1.4759 -0.0524742 0.282581 -0.0791215 -0.0237271 0.0573258 0.0858781 0.0351928 -0.424388 -0.111657 -0.0958501 -0.105083 
3.54491 -0.235284 0.0282022 0.376902 -0.296693 0.108331 -0.0431682 0.0414722 0.0469105 -0.170743 -0.527849 -0.0219416 -0.0153323 
3.54491 0.0561297 -0.355745 -0.0196943 0.785888 -0.435506 0.881731 -0.0447839 -0.113167 -0.0288319 -0.299483 0.135682 -0.156499 
3.54491 -0.419466 0.0318693 0.00265898 -0.0053685 0.000883087 -0.437586 -0.0263653 -0.335542 -0.00511287 0.000433875 0.0246697 0.0163649 
3.54491 0.117545 0.107087 -0.21789 0.641709 0.0237854 1.14354 -0.164865 -0.0819086 0.683257 -0.262975 0.200503 -0.0769025 
3.54491 -1.39991 -0.0889436 -0.0820547 1.03447 0.0337969 0.0800005 -0.116793 0.147877 0.106582 0.0748273 0.0993464 0.0623432 
3.54491 0.06025 -0.107088 0.418507 -0.307934 -0.571239 0.824483 -0.999299 -0.28227 0.169174 0.360667 0.347583 0.0171481 
3.54491 -0.0924994 0.0853926 -0.671572 -0.202046 -0.381804 0.288189 -0.885725 0.594018 0.504693 0.812289 -0.289993 -0.0829921 
3.54491 -0.319361 -1.03167 -0.391767 0.646601 1.25005 -0.71131 -0.0844799 0.0215808 -0.121422 0.514302 -0.375546 -0.0051226 
3.54491 -1.21371 0.538706 0.0200336 -0.0468911 -0.449959 0.410989 0.343975 -0.558768 0.266158 0.384796 0.147101 0.467251 
3.54491 0.146488 0.0502524 -0.489454 0.338903 0.136323 -0.92766 0.888191 0.801495 0.0532135 0.72872 -0.00376146 0.173051 
3.54491 -0.128645 -0.0864573 -0.505022 0.00210747 -0.564815 0.615494 0.338044 -0.417451 0.323224 0.30691 -0.0454729 0.31113 
3.54491 -0.536713 -0.162565 0.0250884 -0.067601 -0.27356 0.0406111 0.0633544 0.0708091 0.0333676 0.0250808 0.041424 -0.470172 
3.54491 -0.0574157 0.153422 0.16895 -0.344029 0.563 0.35376 -0.0580632 0.203542 0.405803 -0.280924 0.210418 0.216933 
3.54491 -1.17149 0.857574 0.205095 -0.228323 -0.899538 0.00389526 0.448645 0.105956 0.0981966 -0.311215 0.228462 0.0978036 
3.54491 0.0899768 1.66574 0.347415 -0.872318 0.757089 -0.0656219 -0.106624 -0.0144837 -0.207058 0.444671 -0.198386 -0.0980552 
2.24574 -3.45048 2.48067 2.84599 -1.42375 1.13154 1.69613 -2.48437 -0.842881 -2.01808 3.06712 -3.06523 3.75144 
-0.448994 -4.88931 -0.106734 -2.63488 4.01542 -0.635224 -0.188459 -2.41222 -3.43348 -2.23981 0.981319 -1.1984 -2.2595 
0.535453 0.713773 2.02406 -2.4696 -0.549836 3.73613 3.91897 3.92007 -0.055121 -0.957668 3.46687 1.20745 -2.70408 
-1.48725 0.925995 3.34421 1.69472 -3.41226 3.41372 1.10067 -0.864976 3.11018 3.81263 0.120582 -2.09528 0.912285 
3.77444 2.74554 -1.12082 -1.96952 0.589758 1.95246 -0.834999 0.33335 -1.02856 0.819801 -4.95977 -2.29997 -1.24151 
-2.64432 -2.87578 -2.87889 -0.429116 -0.174146 4.40972 0.379413 0.590167 2.52072 -0.788721 -1.44304 3.47558 -4.54946 
-1.30832 -3.79154 0.413405 -2.73209 3.9019 -1.73007 1.16476 2.77407 2.22894 -2.85626 -2.61132 4.14903 -3.82001 
-2.79863 -3.57637 4.26907 -2.5658 -4.66484 -0.930654 4.49115 2.39423 -0.302608 4.27053 -2.87523 1.76349 -1.53639 
-5.47046 -2.39666 0.923269 0.418916 0.720951 -0.133064 -4.6825 1.57604 -1.53294 -2.15988 4.99134 4.26983 3.06014 
1.07435 -2.11317 -1.69785 -4.65172 2.89774 -1.08812 -0.225112 0.522506 4.21166 1.61424 0.332199 1.7017 -1.96126 
-1.49688 -2.5604 0.401255 1.79991 2.40156 0.87284 -3.70377 -3.62355 1.57098 1.10545 -4.08541 0.0722747 0.464097 
-2.18955 1.07272 -0.960444 -2.41237 0.59353 -1.26326 4.19805 -1.08236 -0.552292 0.0284624 -1.36668 -0.315071 1.18445 
1.78816 2.1112 -1.12413 -1.34659 0.0329554 -0.00731504 -4.61723 0.84941 -5.26197 2.34419 -0.935777 -3.13742 3.92867 
1.63965 -4.4112 -1.05263 2.09707 -0.408329 -1.02363 -3.46188 2.32219 1.16505 -2.38753 0.296219 1.00028 4.64989 
-0.893893 -2.80268 -0.996608 -4.29064 -1.53553 -0.107091 -1.72483 -0.876407 -1.84782 -4.66421 2.37226 2.66644 -2.25527 
-0.230854 0.206991 3.72176 4.85272 3.63354 4.54556 2.72444 -2.95417 -0.95884 -0.482583 1.31762 -1.70992 -3.10638 
-3.08118 -2.07858 1.0274 -2.35364 -0.903173 -4.11252 2.55146 2.46986 -1.89509 -2.24819 2.15423 4.20218 0.644903 
0.504018 -4.12424 2.27178 0.0685904 -0.636366 -0.891002 3.32424 1.96421 1.32888 1.93172 2.88339 3.9657 -2.22295 
4.16149 2.94795 3.09913 3.43968 2.64685 -2.39256 0.111804 -0.422909 2.284 -1.34082 -0.272309 -2.01328 0.0780808 
-4.3654 2.44348 3.5835 -1.41877 2.56801 0.417675 -0.66902 -1.8924 -0.392997 0.118148 -0.226084 -2.15661 2.64735 
-2.75926 0.233799 -2.56921 -0.654446 -2.66548 2.6177 0.0223427 -1.41733 1.90357 0.713183 0.388625 -2.28879 -1.49887 
0.948418 3.07515 0.419078 0.507187 -0.659087 1.85799 1.57738 0.0755266 0.987612 -2.96401 -2.78641 -0.918221 -0.577965 
4.22881 -1.79397 -1.40209 -2.52141 3.74752 -0.0539441 -3.43945 5.0799 1.2364 -2.56956 1.24202 -3.48302 -1.23624 
-3.45118 0.512067 -2.13355 4.35722 -3.73793 -0.715588 3.5294 3.68702 1.6008 1.32732 3.16605 -3.17784 2.28136 
1.80546 -4.49768 -0.703578 -1.4199 1.21959 -0.212611 -4.21267 2.41838 -3.64961 2.0252 -1.62162 4.52887 -3.94742 
-1.37217 0.853388 3.26325 -0.961202 -1.91918 1.50292 6.4779 1.26567 -2.90677 -1.75347 -0.306193 2.04659 0.966182 
3.11412 1.14195 3.20229 1.16425 3.78311 -0.331098 1.09902 -0.496989 -5.73049 -0.192021 0.281713 2.3096 2.06266 
-0.627583 -0.513326 2.26075 -2.72223 3.1178 3.45125 -3.40584 -2.61202 0.331808 -3.86096 -3.58352 1.58529 -4.61552 
0.0170166 -4.01315 -1.69282 1.56194 1.57717 0.550463 2.68294 0.815244 2.59865 4.30471 -3.33886 2.94686 -4.30094 
-2.71618 -0.012375 -2.84671 1.0414 3.18529 0.72176 1.02283 1.70587 2.40007 0.877862 4.09835 -0.405169 -0.0034748 
5.79982 -2.01495 -1.73349 1.04672 2.52986 -1.85144 -1.53639 3.31646 2.2637 -0.174557 2.55405 0.246882 2.69841 
3.25312 0.345281 -2.05115 4.71863 -1.19013 -1.13529 0.867061 3.58522 -0.19908 -0.139004 0.394971 1.51438 -0.641968 
-4.74479 3.37442 2.70733 2.00333 -0.302431 -1.48435 -1.33027 -2.42933 2.64545 3.60281 -1.42757 2.7731 4.0576 
-0.454074 -1.72707 4.02478 2.99652 -1.96131 2.57283 4.03113 3.06946 -2.67288 0.908126 -3.87543 -1.1342 -2.54825 
0.313924 1.62703 0.0204097 1.66362 0.220391 1.99694 1.40449 3.10717 -3.25201 2.88486 -0.194201 -4.21764 -1.18608 
0.381264 0.264411 4.22995 -2.28382 0.442909 -1.59546 0.570432 -3.44209 -1.86473 3.23039 4.32235 -3.67562 -1.16051 
3.13441 1.44052 1.47974 -4.29069 -1.62422 0.420636 2.83682 0.239721 3.38446 0.749895 -2.2247 -1.46857 3.44751 
3.40183 3.19057 -4.60788 -0.678561 2.74988 -1.71719 0.431672 3.40184 1.90169 -5.95872 -3.41224 3.3835 -1.63917 
2.38027 1.47214 -0.0400076 -3.3486 2.50808 0.358694 -0.91749 -2.23042 -4.09674 -0.432336 -2.26252 0.365487 4.54155 
5.3891 -1.76272 0.315513 0.874236 -1.85101 0.348301 1.4375 -0.961105 -1.64284 1.35528 3.40586 -3.36871 -0.868856 
1.5459 0.121519 -2.6504 3.57182 1.12259 1.87554 -4.12876 2.12239 4.46417 -0.234919 -1.97399 -0.408569 2.64231 
4.14023 1.1858 3.4451 0.149118 0.566046 0.185949 -3.56676 3.43996 0.799254 1.53325 -0.942715 4.73841 3.35511 
-0.779486 -2.57006 -3.12505 -0.10881 -2.22551 -1.13526 1.22528 0.845006 1.3841 -0.281628 1.09068 3.5221 2.93717 
-0.269128 1.6384 -2.56365 -0.0629942 1.68661 4.04712 3.07808 -4.64946 1.35191 0.671431 1.29078 1.97449 3.44097 
-3.2109 2.29904 3.99695 -0.94547 2.10569 -0.635588 -1.65584 -0.381216 -2.07117 -2.81849 -3.43512 1.36937 0.748686 
0.510615 -3.02076 1.33909 2.87604 2.08828 2.35328 2.37901 1.51384 -2.03215 -1.61639 1.36713 0.131923 3.01244 
-0.597923 -2.33977 3.06498 4.6813 2.09864 1.85141 -0.421791 -1.68333 -1.59085 -2.89396 -4.07385 2.75675 -2.95875 
-1.58195 -4.39886 0.517425 3.71802 4.49055 2.4809 -2.99599 -1.01918 -1.09358 -2.76448 -0.831964 0.838716 -2.36291 
-1.19294 -2.54164 -0.990138 4.25616 -3.70923 -0.050677 -3.69068 2.89735 -5.06969 1.98856 -3.02629 0.42058 -1.50234 
4.13639 1.75155 1.76015 0.0245478 -3.48897 0.0751034 3.48821 -4.50471 4.37427 0.254035 0.687452 -2.82283 -2.65123 
1.27177 2.16695 -2.75918 0.998105 -2.29428 0.305084 2.54347 1.47317 -1.47125 1.97164 -2.38524 -1.96307 -0.379868 
1.59078 -0.969293 -3.79377 -1.07027 -4.71846 0.258304 1.95665 -2.4626 4.40433 -0.453546 2.91739 0.496548 1.6843 
1.10303 4.37328 2.10497 -2.02275 0.0958829 2.91016 4.65105 -2.56807 -1.3531 -4.0997 -2.86738 3.14817 2.29197 
3.04996 -0.420406 1.37846 -0.823323 3.25364 -2.54181 -2.20317 0.463786 -3.06662 5.04882 4.7371 -2.77401 -1.79051 
-3.49124 -2.38621 2.39701 1.04968 -3.10369 -0.656073 -4.72396 2.15426 -1.77392 3.41726 2.16037 0.476636 -3.81741 
-0.264085 -0.958978 3.41446 0.464567 4.29324 -0.639241 1.91998 -3.6067 1.73909 -1.19084 3.88753 -3.28555 1.81831 
-1.31367 -1.45429 -1.59058 0.250045 -2.11695 -3.77009 4.47639 1.14186 -0.0329837 -3.94577 0.022555 0.800357 2.49465 
3.39373 0.438932 -1.9136 -2.55416 -2.35219 0.724652 -2.27336 -1.25267 1.39923 -4.62806 -0.990763 3.93239 1.59428 
-2.78385 2.17845 -0.0401002 -0.273731 -2.592 0.339384 3.28399 4.90546 -4.07017 -1.0904 -1.28631 -3.35001 3.74679 
-2.31682 2.85403 0.323898 5.90824 -5.93517 2.49493 -1.89945 4.60734 0.318791 -2.90251 -1.79007 3.52273 -0.0448347 


Finished GA, writing to output files

Child 1/4 complete
Child 2/4 complete
Child 3/4 complete
Child 4/4 complete

GA execution complete... Exiting

Submitted batch job 4424737
mkdir: cannot create directory ‘/users/PAS0654/fahimi5/AREA/GA/Runs/20210625fahimi5run4/Flag_Files’: File exists
Waiting for the first batch of jobs to complete
